[LEFT_CAM_2K]
fx=1066.59
fy=1066.93
cx=1132.41
cy=638.717
k1=-0.0690768
k2=0.0515018
p1=3.20791e-05
p2=0.00119038
k3=-0.021165

[RIGHT_CAM_2K]
fx=1067.07
fy=1067.08
cx=1125.54
cy=626.438
k1=-0.0583084
k2=0.0326407
p1=0.000208805
p2=0.000185875
k3=-0.0126414

[LEFT_CAM_FHD]
fx=1066.59
fy=1066.93
cx=988.41
cy=557.717
k1=-0.0690768
k2=0.0515018
p1=3.20791e-05
p2=0.00119038
k3=-0.021165

[RIGHT_CAM_FHD]
fx=1067.07
fy=1067.08
cx=981.54
cy=545.438
k1=-0.0583084
k2=0.0326407
p1=0.000208805
p2=0.000185875
k3=-0.0126414

[LEFT_CAM_HD]
fx=533.295
fy=533.465
cx=652.705
cy=367.3585
k1=-0.0690768
k2=0.0515018
p1=3.20791e-05
p2=0.00119038
k3=-0.021165

[RIGHT_CAM_HD]
fx=533.535
fy=533.54
cx=649.27
cy=361.219
k1=-0.0583084
k2=0.0326407
p1=0.000208805
p2=0.000185875
k3=-0.0126414

[LEFT_CAM_VGA]
fx=266.6475
fy=266.7325
cx=341.8525
cy=191.17925
k1=-0.0690768
k2=0.0515018
p1=3.20791e-05
p2=0.00119038
k3=-0.021165

[RIGHT_CAM_VGA]
fx=266.7675
fy=266.77
cx=340.135
cy=188.1095
k1=-0.0583084
k2=0.0326407
p1=0.000208805
p2=0.000185875
k3=-0.0126414

[LEFT_DISTO]
k1=-1.43584
k2=2.9952
k3=0.117373
k4=-1.33925
k5=2.8322
k6=0.304385
p1=-0.000167815
p2=0.000554195

[RIGHT_DISTO]
k1=-1.31077
k2=2.62137
k3=0.155904
k4=-1.21405
k5=2.46095
k6=0.330753
p1=0.000294792
p2=5.81932e-05

[STEREO]
Baseline=119.924
TY=-0.231547
TZ=0.334838
CV_2K=0.00398207
CV_FHD=0.00398207
CV_HD=0.00398207
CV_VGA=0.00398207
RX_2K=0.00125043
RX_FHD=0.00125043
RX_HD=0.00125043
RX_VGA=0.00125043
RZ_2K=0.00105748
RZ_FHD=0.00105748
RZ_HD=0.00105748
RZ_VGA=0.00105748

[MISC]
Sensor_ID=0
